ÇÊM 332.00,46.00
           C 332.00,46.00 331.00,47.00 331.00,47.00
             331.00,47.00 331.00,46.00 331.00,46.00
             331.00,46.00 332.00,46.00 332.00,46.00 Z
           M 333.00,49.00
           C 333.00,49.00 332.00,50.00 332.00,50.00
             332.00,50.00 332.00,49.00 332.00,49.00
             332.00,49.00 333.00,49.00 333.00,49.00 Z
           M 336.00,57.00
           C 336.00,57.00 335.00,58.00 335.00,58.00
             335.00,58.00 335.00,57.00 335.00,57.00
             335.00,57.00 336.00,57.00 336.00,57.00 Z
           M 337.00,59.00
           C 337.00,59.00 332.00,63.00 332.00,63.00
             332.00,63.00 333.00,66.00 333.00,66.00
             333.00,66.00 329.00,69.00 329.00,69.00
             329.19,62.58 330.57,60.61 337.00,59.00 Z
           M 331.00,64.00
           C 331.00,64.00 332.00,65.00 332.00,65.00
             332.00,65.00 332.00,64.00 332.00,64.00
             332.00,64.00 331.00,64.00 331.00,64.00 Z
           M 338.00,63.00
           C 342.23,69.52 350.39,74.55 350.00,83.00
             361.81,85.81 359.03,90.98 364.58,99.42
             367.71,104.18 370.61,108.66 374.43,112.95
             374.43,112.95 381.99,120.62 381.99,120.62
             384.99,124.65 388.02,131.40 391.47,134.58
             395.60,138.41 402.62,138.15 408.00,138.49
             416.31,139.02 422.96,135.26 428.00,134.92
             428.00,134.92 439.09,136.46 439.09,136.46
             448.18,138.09 457.24,140.67 466.00,143.69
             472.24,145.85 478.37,148.74 485.00,147.00
             482.11,144.11 485.78,137.75 486.55,134.00
             486.55,134.00 492.73,105.00 492.73,105.00
             493.47,100.22 493.92,94.12 498.00,91.00
             498.00,91.00 494.61,107.28 494.61,107.28
             494.61,107.28 490.00,143.00 490.00,143.00
             490.00,143.00 497.00,144.00 497.00,144.00
             497.00,144.00 498.00,145.00 498.00,145.00
             498.00,145.00 498.00,146.00 498.00,146.00
             498.00,146.00 496.00,146.00 496.00,146.00
             496.00,146.00 501.00,151.00 501.00,151.00
             501.48,160.66 507.97,170.74 511.35,180.00
             513.12,184.87 514.42,188.33 520.00,186.00
             525.88,187.45 539.01,180.16 545.00,178.00
             542.56,184.95 527.13,188.18 521.05,192.80
             515.98,196.65 513.08,205.77 513.08,212.00
             513.08,212.00 514.00,221.00 514.00,221.00
             514.00,221.00 526.00,218.87 526.00,218.87
             526.00,218.87 537.00,216.00 537.00,216.00
             532.94,222.84 518.98,223.28 515.04,225.31
             507.64,229.13 503.02,248.19 504.00,256.00
             501.59,259.26 499.97,272.72 500.30,277.00
             500.46,279.12 501.26,281.03 502.00,283.00
             506.18,280.05 507.02,279.65 512.00,281.00
             512.00,281.00 512.00,282.00 512.00,282.00
             512.00,282.00 510.00,284.00 510.00,284.00
             510.00,284.00 522.00,282.00 522.00,282.00
             522.00,282.00 523.00,285.00 523.00,285.00
             523.00,285.00 533.00,283.00 533.00,283.00
             533.00,283.00 534.00,286.00 534.00,286.00
             522.42,289.39 516.33,285.41 509.14,293.05
             502.77,299.82 502.92,312.96 498.00,317.00
             498.00,317.00 499.00,320.00 499.00,320.00
             496.06,323.45 495.64,326.71 494.34,331.00
             492.46,337.24 492.45,340.78 491.83,347.00
             491.02,355.11 490.24,363.17 496.26,369.90
             502.36,376.70 512.22,377.67 521.00,389.00
             513.17,389.93 514.12,385.27 506.00,383.00
             505.02,380.52 497.66,376.72 494.93,377.07
             490.67,377.63 491.52,382.84 486.00,379.00
             484.68,387.52 480.33,396.27 482.88,405.00
             484.40,410.19 486.16,413.90 492.00,414.00
             492.00,414.00 492.00,418.00 492.00,418.00
             492.00,418.00 479.00,419.00 479.00,419.00
             479.00,419.00 470.86,434.01 470.86,434.01
             465.91,446.43 467.50,452.42 460.00,463.00
             460.00,463.00 465.00,463.00 465.00,463.00
             461.85,464.82 461.33,465.77 458.00,464.00
             458.00,464.00 447.45,484.00 447.45,484.00
             441.30,492.43 432.87,500.87 430.00,511.00
             425.27,510.82 423.56,510.57 421.00,515.00
             413.44,514.36 410.46,522.73 412.00,529.00
             408.56,530.87 408.46,531.13 408.00,535.00
             408.00,535.00 404.00,533.00 404.00,533.00
             403.66,540.03 404.82,540.43 400.43,546.41
             398.28,549.34 398.53,549.79 395.00,551.00
             395.00,551.00 393.00,557.00 393.00,557.00
             393.00,557.00 394.00,553.00 394.00,553.00
             394.00,553.00 386.00,553.00 386.00,553.00
             386.00,553.00 387.00,550.00 387.00,550.00
             387.00,550.00 382.00,551.00 382.00,551.00
             386.29,561.16 382.37,562.30 383.06,569.00
             383.06,569.00 385.00,580.00 385.00,580.00
             385.00,580.00 388.00,579.00 388.00,579.00
             384.73,583.77 383.29,584.05 378.00,586.00
             378.00,586.00 379.00,583.00 379.00,583.00
             379.00,583.00 370.00,585.00 370.00,585.00
             370.00,585.00 377.00,585.00 377.00,585.00
             374.39,590.92 373.35,589.50 369.00,593.00
             369.00,593.00 382.00,597.00 382.00,597.00
             380.41,601.51 378.87,600.93 375.00,599.00
             375.00,599.00 371.00,600.00 371.00,600.00
             371.00,600.00 372.55,610.92 372.55,610.92
             372.55,610.92 378.00,622.00 378.00,622.00
             368.00,618.73 369.00,611.53 369.00,603.00
             369.00,603.00 367.00,603.00 367.00,603.00
             366.52,607.14 366.39,609.06 362.00,610.00
             359.55,616.80 360.02,615.25 362.00,622.00
             362.00,622.00 358.00,622.00 358.00,622.00
             358.00,622.00 355.00,612.00 355.00,612.00
             355.00,612.00 359.00,608.00 359.00,608.00
             359.00,608.00 362.00,610.00 362.00,610.00
             362.00,610.00 364.58,597.54 364.58,597.54
             364.58,597.54 366.00,596.00 366.00,596.00
             366.00,596.00 367.00,591.00 367.00,591.00
             367.00,591.00 362.00,590.00 362.00,590.00
             362.60,587.99 363.30,586.16 363.04,584.00
             362.48,579.43 357.43,572.20 353.00,571.00
             350.83,565.49 348.18,562.22 342.00,562.00
             342.00,562.00 341.00,559.00 341.00,559.00
             341.00,559.00 345.00,558.00 345.00,558.00
             345.00,558.00 352.47,563.26 352.47,563.26
             352.47,563.26 363.00,577.00 363.00,577.00
             366.12,570.39 368.59,562.11 375.00,558.00
             375.00,558.00 373.00,555.00 373.00,555.00
             373.00,555.00 378.00,556.00 378.00,556.00
             378.00,556.00 379.00,552.00 379.00,552.00
             372.83,552.52 372.32,549.38 372.00,544.00
             362.91,547.84 364.79,535.58 354.00,537.00
             354.00,537.00 355.00,533.00 355.00,533.00
             351.84,531.84 347.18,528.84 344.09,529.26
             339.10,529.94 338.29,535.51 330.00,535.00
             327.91,541.60 328.58,541.04 331.00,547.00
             331.00,547.00 325.00,547.00 325.00,547.00
             325.00,547.00 329.00,556.00 329.00,556.00
             321.74,556.91 321.22,548.73 320.00,543.00
             320.00,543.00 324.00,543.00 324.00,543.00
             324.00,543.00 323.00,540.00 323.00,540.00
             323.00,540.00 325.00,541.00 325.00,541.00
             325.00,541.00 324.00,526.00 324.00,526.00
             324.00,526.00 318.00,517.00 318.00,517.00
             318.00,517.00 313.34,492.00 313.34,492.00
             313.34,492.00 309.00,482.00 309.00,482.00
             309.00,482.00 308.00,477.00 308.00,477.00
             308.00,477.00 305.00,478.00 305.00,478.00
             305.00,478.00 307.00,475.00 307.00,475.00
             303.62,474.64 301.20,474.60 298.85,471.76
             296.75,469.23 296.42,465.73 293.73,464.02
             292.52,463.25 290.44,462.89 289.02,462.88
             282.74,462.84 283.56,469.55 284.00,474.00
             284.00,474.00 282.00,474.00 282.00,474.00
             282.00,474.00 283.00,478.00 283.00,478.00
             283.00,478.00 278.00,479.00 278.00,479.00
             278.38,473.10 280.90,472.13 278.00,468.00
             278.73,460.52 277.68,456.87 273.00,451.00
             273.00,451.00 275.00,450.00 275.00,450.00
             275.00,450.00 267.00,449.00 267.00,449.00
             267.00,449.00 269.00,445.00 269.00,445.00
             269.00,445.00 267.00,445.00 267.00,445.00
             267.00,445.00 267.00,444.00 267.00,444.00
             267.00,444.00 268.00,443.00 268.00,443.00
             268.00,443.00 270.00,445.00 270.00,445.00
             270.00,445.00 269.00,439.00 269.00,439.00
             269.00,439.00 264.00,445.00 264.00,445.00
             264.00,445.00 263.00,442.00 263.00,442.00
             263.00,442.00 258.00,445.00 258.00,445.00
             258.00,445.00 255.00,443.00 255.00,443.00
             255.00,443.00 255.00,446.00 255.00,446.00
             255.00,446.00 256.00,440.00 256.00,440.00
             256.00,440.00 255.00,439.00 255.00,439.00
             255.00,439.00 252.00,440.00 252.00,440.00
             252.00,440.00 253.00,436.00 253.00,436.00
             253.00,436.00 257.00,437.00 257.00,437.00
             250.04,429.87 248.39,437.45 245.00,443.00
             245.00,443.00 254.00,445.00 254.00,445.00
             254.00,445.00 251.00,449.00 251.00,449.00
             251.00,449.00 251.00,445.00 251.00,445.00
             251.00,445.00 252.00,453.00 252.00,453.00
             252.00,453.00 257.00,453.00 257.00,453.00
             254.99,458.28 254.29,457.69 256.00,463.00
             256.00,463.00 253.00,462.00 253.00,462.00
             253.00,462.00 250.45,469.00 250.45,469.00
             250.45,469.00 246.76,482.99 246.76,482.99
             246.76,482.99 240.00,492.00 240.00,492.00
             245.62,493.16 247.43,493.17 249.00,499.00
             243.71,497.18 236.85,491.24 231.04,493.52
             231.04,493.52 223.00,499.00 223.00,499.00
             224.85,494.48 225.53,493.08 230.00,491.00
             230.00,491.00 225.00,487.00 225.00,487.00
             229.03,487.62 234.15,489.70 238.00,488.26
             244.80,485.71 247.95,475.68 247.08,469.00
             246.80,466.78 245.88,465.02 245.00,463.00
             245.00,463.00 250.00,464.00 250.00,464.00
             252.74,452.56 247.91,453.75 243.98,445.83
             243.98,445.83 241.00,434.00 241.00,434.00
             241.00,434.00 228.00,447.00 228.00,447.00
             228.00,447.00 222.00,446.00 222.00,446.00
             222.00,446.00 223.04,457.72 223.04,457.72
             223.04,457.72 227.00,466.00 227.00,466.00
             227.00,466.00 219.00,462.00 219.00,462.00
             219.00,462.00 217.00,459.00 217.00,459.00
             214.68,465.83 206.99,473.10 200.00,475.00
             200.00,475.00 204.00,490.00 204.00,490.00
             204.00,490.00 195.00,479.00 195.00,479.00
             197.39,473.54 201.91,468.72 208.00,468.00
             208.00,468.00 214.00,456.00 214.00,456.00
             214.00,456.00 218.00,455.00 218.00,455.00
             214.76,449.44 215.40,445.95 209.00,444.00
             209.00,444.00 211.00,440.00 211.00,440.00
             207.17,438.71 206.53,438.85 205.00,435.00
             207.04,435.44 208.00,435.49 209.83,436.74
             213.33,439.11 215.79,444.69 221.88,442.05
             223.49,441.35 224.37,440.52 224.97,438.86
             224.97,438.86 226.00,432.00 226.00,432.00
             226.00,432.00 237.00,431.00 237.00,431.00
             237.00,431.00 230.15,414.29 230.15,414.29
             230.15,414.29 227.00,412.00 227.00,412.00
             227.00,412.00 228.00,408.00 228.00,408.00
             228.00,408.00 224.00,407.00 224.00,407.00
             224.00,407.00 225.00,409.00 225.00,409.00
             225.00,409.00 223.00,409.00 223.00,409.00
             223.00,409.00 224.00,406.00 224.00,406.00
             212.01,403.70 215.84,401.34 216.00,392.00
             220.01,387.28 220.76,376.28 217.29,371.02
             213.66,365.52 209.08,366.14 209.00,359.00
             204.91,356.54 204.35,355.54 203.00,351.00
             203.00,351.00 201.00,353.00 201.00,353.00
             201.00,353.00 200.00,353.00 200.00,353.00
             200.00,353.00 204.00,351.00 204.00,351.00
             203.55,342.85 192.70,332.22 186.00,328.00
             186.00,328.00 187.00,325.00 187.00,325.00
             187.00,325.00 162.09,308.91 162.09,308.91
             153.26,302.73 159.50,303.42 147.00,300.00
             148.47,298.98 151.37,297.34 152.11,295.78
             154.84,289.96 141.64,282.14 138.10,279.24
             132.76,274.86 133.90,271.27 126.00,271.00
             126.00,271.00 124.00,260.00 124.00,260.00
             124.00,260.00 131.00,260.00 131.00,260.00
             131.00,260.00 134.00,257.00 134.00,257.00
             134.00,257.00 134.00,249.00 134.00,249.00
             134.00,249.00 118.00,245.75 118.00,245.75
             112.48,245.08 109.63,247.81 107.00,241.00
             114.61,239.33 118.64,239.29 125.00,244.00
             125.00,244.00 136.00,242.00 136.00,242.00
             136.00,242.00 135.00,239.00 135.00,239.00
             135.00,239.00 139.00,235.00 139.00,235.00
             139.00,235.00 124.00,238.00 124.00,238.00
             129.02,232.89 130.34,235.39 134.86,233.42
             136.97,232.50 138.19,230.37 140.00,229.00
             137.13,222.39 135.01,215.19 135.00,208.00
             141.75,205.37 149.65,197.11 149.94,189.58
             150.00,188.06 149.32,185.56 149.00,184.00
             150.70,182.62 151.74,182.00 152.83,179.96
             154.61,176.59 154.75,166.74 152.11,163.80
             149.48,160.87 145.61,160.80 142.00,161.00
             136.78,156.99 121.70,155.00 115.00,155.00
             118.31,150.42 121.07,151.59 126.00,151.56
             132.09,151.53 143.40,153.46 149.00,155.54
             149.00,155.54 156.00,159.00 156.00,159.00
             149.95,151.74 140.26,149.41 142.00,138.00
             130.23,136.64 126.79,130.58 128.00,119.00
             125.64,118.13 114.65,113.78 121.00,111.00
             119.47,108.15 116.19,101.46 114.26,99.31
             111.15,95.85 99.51,90.81 95.00,89.00
             95.00,89.00 96.00,92.00 96.00,92.00
             92.40,90.81 92.31,90.54 91.00,87.00
             97.56,88.80 96.82,86.92 101.00,88.05
             111.16,90.81 123.82,100.20 122.00,112.00
             122.00,112.00 136.00,121.73 136.00,121.73
             142.64,125.13 144.80,124.66 151.00,126.57
             151.00,126.57 160.00,130.11 160.00,130.11
             162.88,131.16 171.92,134.15 174.59,132.81
             175.95,132.12 176.26,131.13 177.00,130.00
             177.00,130.00 174.00,131.00 174.00,131.00
             174.00,131.00 174.97,125.00 174.97,125.00
             178.65,120.95 176.61,118.60 174.97,114.00
             174.97,114.00 170.24,102.99 170.24,102.99
             170.24,102.99 167.00,92.00 167.00,92.00
             162.54,94.44 158.61,91.80 156.00,88.00
             156.00,88.00 160.00,89.00 160.00,89.00
             155.64,82.03 152.26,74.46 144.00,72.00
             144.00,72.00 144.00,68.00 144.00,68.00
             144.00,68.00 166.00,80.00 166.00,80.00
             166.00,80.00 163.00,75.00 163.00,75.00
             163.00,75.00 169.00,80.00 169.00,80.00
             169.00,80.00 167.00,80.00 167.00,80.00
             169.98,84.50 171.09,87.62 170.00,93.00
             174.26,96.08 174.09,100.49 176.57,105.00
             179.15,109.68 181.29,110.38 183.89,114.08
             183.89,114.08 188.00,121.00 188.00,121.00
             188.46,125.05 191.74,130.19 195.87,131.69
             195.87,131.69 200.80,131.69 200.80,131.69
             208.07,132.67 202.36,134.22 214.00,131.69
             214.00,131.69 215.00,135.00 215.00,135.00
             216.42,132.94 217.21,131.34 220.05,131.29
             223.18,131.22 224.74,133.41 229.00,133.44
             241.84,133.51 240.54,131.03 251.00,131.00
             251.00,131.00 250.00,133.00 250.00,133.00
             262.42,133.01 266.14,136.82 277.00,141.48
             282.55,143.86 283.51,142.76 290.00,147.05
             290.00,147.05 305.58,160.28 305.58,160.28
             310.03,163.53 311.80,161.52 316.41,166.44
             321.94,172.36 323.44,176.97 327.41,183.00
             327.41,183.00 336.91,197.00 336.91,197.00
             341.30,204.06 351.95,216.41 353.00,224.00
             353.00,224.00 347.00,224.00 347.00,224.00
             347.00,224.00 347.00,230.00 347.00,230.00
             347.00,230.00 332.00,217.00 332.00,217.00
             332.00,217.00 330.00,223.00 330.00,223.00
             330.00,223.00 317.00,211.00 317.00,211.00
             317.00,211.00 319.00,216.00 319.00,216.00
             319.00,216.00 313.00,212.00 313.00,212.00
             317.14,218.91 324.10,223.15 328.89,229.58
             333.02,235.11 331.50,239.04 325.00,241.00
             325.00,241.00 325.00,246.00 325.00,246.00
             325.00,246.00 312.00,243.00 312.00,243.00
             312.00,243.00 312.00,240.00 312.00,240.00
             312.00,240.00 322.00,240.00 322.00,240.00
             322.00,240.00 307.00,231.00 307.00,231.00
             307.00,231.00 306.00,235.00 306.00,235.00
             306.00,235.00 302.00,227.00 302.00,227.00
             295.36,224.83 289.50,216.20 285.00,211.00
             285.00,211.00 287.00,216.00 287.00,216.00
             287.00,216.00 283.00,213.00 283.00,213.00
             283.00,213.00 289.00,222.00 289.00,222.00
             288.02,227.37 294.77,232.70 297.64,237.00
             300.36,241.10 307.25,259.24 308.00,264.00
             308.00,264.00 300.00,262.68 300.00,262.68
             290.34,261.67 295.51,265.75 281.00,259.00
             281.00,259.00 276.00,262.00 276.00,262.00
             276.00,262.00 297.00,283.00 297.00,283.00
             297.00,283.00 296.00,280.00 296.00,280.00
             299.52,281.20 299.56,281.61 301.00,285.00
             301.00,285.00 297.00,283.00 297.00,283.00
             300.02,287.70 300.63,287.53 306.00,287.00
             306.00,287.00 300.60,296.09 300.60,296.09
             300.60,296.09 297.33,314.00 297.33,314.00
             297.33,314.00 299.00,320.00 299.00,320.00
             299.00,320.00 295.00,321.00 295.00,321.00
             295.00,321.00 304.00,322.00 304.00,322.00
             304.00,322.00 304.00,325.00 304.00,325.00
             304.00,325.00 300.00,326.00 300.00,326.00
             300.00,326.00 303.00,332.00 303.00,332.00
             303.00,332.00 299.00,333.00 299.00,333.00
             302.20,337.29 307.54,343.84 302.00,348.00
             302.00,348.00 307.00,362.00 307.00,362.00
             307.00,362.00 303.00,365.00 303.00,365.00
             303.00,365.00 310.00,364.00 310.00,364.00
             312.63,370.11 317.01,371.50 317.00,379.00
             323.50,379.23 325.23,380.34 326.00,387.00
             326.00,387.00 320.00,386.00 320.00,386.00
             320.00,386.00 324.00,389.00 324.00,389.00
             324.00,389.00 319.79,401.00 319.79,401.00
             319.79,401.00 323.37,411.95 323.37,411.95
             323.37,411.95 324.00,422.00 324.00,422.00
             324.00,422.00 321.00,423.00 321.00,423.00
             322.74,425.43 323.56,426.87 321.00,429.00
             321.00,429.00 324.00,434.00 324.00,434.00
             324.00,434.00 329.00,416.00 329.00,416.00
             329.00,416.00 340.00,421.00 340.00,421.00
             340.00,421.00 344.00,418.00 344.00,418.00
             344.00,418.00 345.00,419.00 345.00,419.00
             345.00,419.00 344.00,421.00 344.00,421.00
             349.80,422.02 347.89,423.64 352.00,428.00
             352.00,428.00 355.01,414.59 355.01,414.59
             355.01,414.59 358.00,413.00 358.00,413.00
             358.00,413.00 358.00,399.00 358.00,399.00
             358.00,399.00 360.00,396.00 360.00,396.00
             370.50,396.62 368.48,403.04 369.00,411.00
             369.00,411.00 376.00,408.00 376.00,408.00
             376.00,408.00 378.00,415.00 378.00,415.00
             378.00,415.00 379.00,411.00 379.00,411.00
             379.00,411.00 383.00,412.00 383.00,412.00
             383.00,412.00 383.00,422.00 383.00,422.00
             383.00,422.00 386.00,408.00 386.00,408.00
             388.58,409.10 389.40,409.18 390.00,412.00
             390.00,412.00 392.00,408.00 392.00,408.00
             395.11,410.97 395.51,411.70 395.00,416.00
             395.00,416.00 398.00,409.00 398.00,409.00
             398.00,409.00 401.57,413.04 401.57,413.04
             401.57,413.04 408.00,440.00 408.00,440.00
             408.00,440.00 405.00,411.00 405.00,411.00
             405.00,411.00 409.00,411.00 409.00,411.00
             409.00,411.00 409.00,408.00 409.00,408.00
             409.00,408.00 417.00,425.00 417.00,425.00
             417.00,425.00 417.00,420.00 417.00,420.00
             417.00,420.00 421.00,419.00 421.00,419.00
             421.00,419.00 422.00,427.00 422.00,427.00
             422.00,427.00 424.00,427.00 424.00,427.00
             424.00,427.00 424.00,407.00 424.00,407.00
             424.00,407.00 428.00,407.00 428.00,407.00
             428.00,407.00 432.00,421.00 432.00,421.00
             432.00,421.00 434.00,421.00 434.00,421.00
             434.00,421.00 432.00,399.00 432.00,399.00
             432.00,399.00 437.00,402.00 437.00,402.00
             437.00,402.00 438.00,392.00 438.00,392.00
             435.47,390.17 435.75,390.07 436.00,387.00
             436.00,387.00 431.00,383.00 431.00,383.00
             431.00,383.00 435.00,384.00 435.00,384.00
             435.00,384.00 436.00,382.00 436.00,382.00
             436.00,382.00 437.00,382.00 437.00,382.00
             437.00,382.00 443.00,390.00 443.00,390.00
             443.00,390.00 446.00,388.00 446.00,388.00
             446.00,388.00 444.00,382.00 444.00,382.00
             445.09,379.21 444.88,379.31 443.00,377.00
             443.00,377.00 442.00,368.00 442.00,368.00
             444.36,365.67 446.13,360.35 444.32,357.28
             443.12,355.24 439.22,352.74 439.79,349.17
             440.10,347.21 442.70,344.60 443.91,342.96
             446.07,340.05 448.69,335.42 449.90,332.00
             450.99,328.92 453.40,315.42 453.65,312.00
             453.65,312.00 453.65,305.00 453.65,305.00
             453.65,305.00 454.42,300.00 454.42,300.00
             454.76,296.43 452.73,293.30 454.42,290.13
             455.49,287.59 459.61,285.51 462.00,284.00
             462.00,284.00 437.00,293.00 437.00,293.00
             435.81,290.65 434.16,287.74 434.50,285.00
             435.31,278.44 442.66,278.54 445.00,271.00
             440.71,270.66 439.85,270.52 440.00,266.00
             433.21,265.95 434.34,257.11 435.64,255.89
             437.29,254.35 439.98,254.83 442.00,255.00
             442.00,255.00 442.00,250.04 442.00,250.04
             441.15,244.30 436.34,243.53 432.11,246.78
             424.77,252.43 428.03,261.21 418.00,262.00
             418.00,262.00 420.00,253.00 420.00,253.00
             420.00,253.00 417.00,254.00 417.00,254.00
             417.00,254.00 420.00,243.00 420.00,243.00
             420.00,243.00 415.00,242.00 415.00,242.00
             414.88,247.44 415.10,254.93 410.00,258.00
             410.00,258.00 411.00,249.00 411.00,249.00
             411.00,249.00 408.00,249.00 408.00,249.00
             408.00,249.00 407.00,245.00 407.00,245.00
             405.87,247.71 405.87,247.45 403.00,248.00
             403.00,248.00 404.00,245.00 404.00,245.00
             404.00,245.00 402.00,242.00 402.00,242.00
             402.00,242.00 405.00,243.00 405.00,243.00
             405.00,243.00 397.64,230.09 397.64,230.09
             397.64,230.09 391.89,221.00 391.89,221.00
             391.89,221.00 380.33,194.00 380.33,194.00
             380.33,194.00 373.00,179.00 373.00,179.00
             372.86,173.54 367.00,162.74 364.00,158.00
             364.72,163.64 366.39,165.49 366.94,168.98
             367.46,172.30 366.44,173.38 364.16,175.57
             354.70,184.71 352.04,173.35 340.00,174.00
             340.00,174.00 339.00,171.00 339.00,171.00
             339.00,171.00 352.00,197.00 352.00,197.00
             352.00,197.00 348.00,197.00 348.00,197.00
             348.00,197.00 347.00,200.00 347.00,200.00
             347.00,200.00 332.00,179.00 332.00,179.00
             332.00,179.00 336.00,181.00 336.00,181.00
             336.00,181.00 321.79,161.00 321.79,161.00
             317.19,155.56 314.31,154.25 312.00,147.00
             312.00,147.00 318.00,146.00 318.00,146.00
             318.00,146.00 315.00,143.00 315.00,143.00
             315.00,143.00 315.00,141.00 315.00,141.00
             315.00,141.00 330.00,128.00 330.00,128.00
             324.58,124.30 326.62,121.86 326.00,116.00
             326.00,116.00 324.00,118.00 324.00,118.00
             324.00,118.00 325.00,111.00 325.00,111.00
             325.00,111.00 332.21,115.48 332.21,115.48
             332.21,115.48 337.00,114.03 337.00,114.03
             337.00,114.03 344.01,108.79 344.01,108.79
             344.01,108.79 349.00,101.00 349.00,101.00
             347.81,108.12 348.91,108.61 352.00,115.00
             352.00,115.00 350.17,96.00 350.17,96.00
             349.95,93.39 350.51,90.23 349.39,87.92
             345.82,80.55 332.53,77.04 338.00,69.00
             335.52,66.39 335.55,66.57 336.00,63.00
             336.00,63.00 338.00,63.00 338.00,63.00 Z
           M 338.00,70.00
           C 338.00,70.00 339.00,71.00 339.00,71.00
             339.00,71.00 339.00,70.00 339.00,70.00
             339.00,70.00 338.00,70.00 338.00,70.00 Z
           M 339.00,75.00
           C 339.00,75.00 344.00,77.00 344.00,77.00
             344.00,77.00 342.00,72.00 342.00,72.00
             342.00,72.00 339.00,75.00 339.00,75.00 Z
           M 344.00,77.00
           C 344.00,77.00 345.00,78.00 345.00,78.00
             345.00,78.00 345.00,77.00 345.00,77.00
             345.00,77.00 344.00,77.00 344.00,77.00 Z
           M 345.00,78.00
           C 345.00,78.00 346.00,79.00 346.00,79.00
             346.00,79.00 346.00,78.00 346.00,78.00
             346.00,78.00 345.00,78.00 345.00,78.00 Z
           M 157.00,79.00
           C 157.00,79.00 158.00,80.00 158.00,80.00
             158.00,80.00 158.00,79.00 158.00,79.00
             158.00,79.00 157.00,79.00 157.00,79.00 Z
           M 346.00,79.00
           C 346.00,79.00 347.00,80.00 347.00,80.00
             347.00,80.00 347.00,79.00 347.00,79.00
             347.00,79.00 346.00,79.00 346.00,79.00 Z
           M 161.00,85.00
           C 161.00,85.00 162.00,82.00 162.00,82.00
             162.00,82.00 159.00,80.00 159.00,80.00
             159.00,80.00 161.00,85.00 161.00,85.00 Z
           M 347.00,80.00
           C 347.00,80.00 348.00,81.00 348.00,81.00
             348.00,81.00 348.00,80.00 348.00,80.00
             348.00,80.00 347.00,80.00 347.00,80.00 Z
           M 87.00,85.00
           C 87.00,85.00 83.00,82.00 83.00,82.00
             83.00,82.00 87.00,85.00 87.00,85.00 Z
           M 161.00,85.00
           C 161.00,85.00 162.00,86.00 162.00,86.00
             162.00,86.00 162.00,85.00 162.00,85.00
             162.00,85.00 161.00,85.00 161.00,85.00 Z
           M 501.00,86.00
           C 501.00,86.00 497.00,90.00 497.00,90.00
             497.00,90.00 499.00,86.00 499.00,86.00
             499.00,86.00 501.00,86.00 501.00,86.00 Z
           M 137.00,95.00
           C 129.98,95.99 126.96,98.54 125.00,93.00
             132.42,95.26 132.88,87.65 137.00,95.00 Z
           M 85.00,105.00
           C 85.00,105.00 85.00,108.00 85.00,108.00
             85.00,108.00 82.00,106.00 82.00,106.00
             82.00,106.00 85.00,105.00 85.00,105.00 Z
           M 182.00,117.00
           C 182.00,117.00 183.00,118.00 183.00,118.00
             183.00,118.00 183.00,117.00 183.00,117.00
             183.00,117.00 182.00,117.00 182.00,117.00 Z
           M 141.86,135.80
           C 144.90,138.27 145.64,141.50 147.00,145.00
             147.00,145.00 149.00,144.00 149.00,144.00
             150.89,149.53 157.54,157.25 164.00,155.00
             164.00,155.00 161.00,153.00 161.00,153.00
             166.28,155.18 169.76,155.17 174.00,151.00
             170.25,147.69 167.81,145.04 167.00,140.00
             167.00,140.00 170.00,139.00 170.00,139.00
             170.00,139.00 166.00,139.00 166.00,139.00
             166.00,139.00 164.00,135.00 164.00,135.00
             164.00,135.00 165.00,139.00 165.00,139.00
             165.00,139.00 162.00,139.00 162.00,139.00
             162.00,139.00 164.00,134.00 164.00,134.00
             164.00,134.00 130.00,122.00 130.00,122.00
             129.16,132.34 136.11,131.12 141.86,135.80 Z
           M 178.00,122.00
           C 178.00,122.00 179.00,123.00 179.00,123.00
             179.00,123.00 179.00,122.00 179.00,122.00
             179.00,122.00 178.00,122.00 178.00,122.00 Z
           M 316.00,121.00
           C 316.00,121.00 315.00,122.00 315.00,122.00
             315.00,122.00 315.00,121.00 315.00,121.00
             315.00,121.00 316.00,121.00 316.00,121.00 Z
           M 350.00,134.00
           C 350.00,134.00 356.00,136.00 356.00,136.00
             356.00,136.00 357.00,128.00 357.00,128.00
             357.00,128.00 354.00,127.00 354.00,127.00
             354.00,127.00 350.00,134.00 350.00,134.00 Z
           M 177.00,129.00
           C 177.00,129.00 178.00,130.00 178.00,130.00
             178.00,130.00 178.00,129.00 178.00,129.00
             178.00,129.00 177.00,129.00 177.00,129.00 Z
           M 331.00,130.00
           C 331.00,130.00 332.00,131.00 332.00,131.00
             332.00,131.00 332.00,130.00 332.00,130.00
             332.00,130.00 331.00,130.00 331.00,130.00 Z
           M 289.00,134.00
           C 289.00,134.00 286.00,134.00 286.00,134.00
             286.00,134.00 287.00,131.00 287.00,131.00
             287.00,131.00 289.00,134.00 289.00,134.00 Z
           M 198.00,133.00
           C 198.00,133.00 199.00,134.00 199.00,134.00
             199.00,134.00 199.00,133.00 199.00,133.00
             199.00,133.00 198.00,133.00 198.00,133.00 Z
           M 176.00,134.00
           C 176.00,134.00 177.00,135.00 177.00,135.00
             177.00,135.00 177.00,134.00 177.00,134.00
             177.00,134.00 176.00,134.00 176.00,134.00 Z
           M 200.00,134.00
           C 200.00,134.00 201.00,135.00 201.00,135.00
             201.00,135.00 201.00,134.00 201.00,134.00
             201.00,134.00 200.00,134.00 200.00,134.00 Z
           M 345.00,135.00
           C 345.00,135.00 346.00,136.00 346.00,136.00
             346.00,136.00 346.00,135.00 346.00,135.00
             346.00,135.00 345.00,135.00 345.00,135.00 Z
           M 171.00,137.00
           C 171.00,137.00 172.00,138.00 172.00,138.00
             172.00,138.00 172.00,137.00 172.00,137.00
             172.00,137.00 171.00,137.00 171.00,137.00 Z
           M 173.00,139.00
           C 173.00,139.00 174.00,140.00 174.00,140.00
             174.00,140.00 174.00,139.00 174.00,139.00
             174.00,139.00 173.00,139.00 173.00,139.00 Z
           M 165.00,140.00
           C 165.00,140.00 164.00,141.00 164.00,141.00
             164.00,141.00 164.00,140.00 164.00,140.00
             164.00,140.00 165.00,140.00 165.00,140.00 Z
           M 361.00,148.00
           C 361.00,148.00 358.00,142.00 358.00,142.00
             357.66,145.34 358.61,145.83 361.00,148.00 Z
           M 305.00,145.00
           C 305.00,145.00 300.00,149.00 300.00,149.00
             300.00,149.00 301.00,151.00 301.00,151.00
             301.00,151.00 300.00,152.00 300.00,152.00
             300.00,152.00 296.00,149.00 296.00,149.00
             296.00,149.00 305.00,145.00 305.00,145.00 Z
           M 363.00,154.00
           C 363.00,154.00 362.00,150.00 362.00,150.00
             362.00,150.00 363.00,154.00 363.00,154.00 Z
           M 101.00,152.66
           C 101.00,152.66 114.00,152.00 114.00,152.00
             114.00,152.00 113.00,156.00 113.00,156.00
             103.62,158.28 85.26,156.09 75.00,156.00
             75.00,156.00 75.00,152.00 75.00,152.00
             75.00,152.00 95.00,154.00 95.00,154.00
             95.00,154.00 101.00,152.66 101.00,152.66 Z
           M 494.00,153.00
           C 494.00,153.00 495.00,154.00 495.00,154.00
             495.00,154.00 495.00,153.00 495.00,153.00
             495.00,153.00 494.00,153.00 494.00,153.00 Z
           M 296.00,162.00
           C 296.00,162.00 297.00,163.00 297.00,163.00
             297.00,163.00 297.00,162.00 297.00,162.00
             297.00,162.00 296.00,162.00 296.00,162.00 Z
           M 297.00,163.00
           C 297.00,163.00 298.00,164.00 298.00,164.00
             298.00,164.00 298.00,163.00 298.00,163.00
             298.00,163.00 297.00,163.00 297.00,163.00 Z
           M 306.00,175.00
           C 305.22,169.86 302.29,167.89 299.00,164.00
             298.00,168.96 302.36,172.34 306.00,175.00 Z
           M 544.00,164.00
           C 544.00,164.00 543.00,165.00 543.00,165.00
             543.00,165.00 543.00,164.00 543.00,164.00
             543.00,164.00 544.00,164.00 544.00,164.00 Z
           M 306.00,175.00
           C 306.00,175.00 307.00,176.00 307.00,176.00
             307.00,176.00 307.00,175.00 307.00,175.00
             307.00,175.00 306.00,175.00 306.00,175.00 Z
           M 138.00,177.00
           C 138.00,177.00 134.00,180.00 134.00,180.00
             134.00,180.00 131.00,178.00 131.00,178.00
             133.22,174.97 134.75,175.94 138.00,177.00 Z
           M 307.00,176.00
           C 307.00,176.00 308.00,177.00 308.00,177.00
             308.00,177.00 308.00,176.00 308.00,176.00
             308.00,176.00 307.00,176.00 307.00,176.00 Z
           M 159.00,178.00
           C 154.02,186.03 151.85,193.82 150.00,203.00
             156.26,205.35 159.16,205.77 165.00,202.00
             162.33,200.54 164.32,199.51 166.00,198.00
             166.00,198.00 168.00,194.00 168.00,194.00
             168.00,194.00 170.00,196.00 170.00,196.00
             169.96,192.81 170.47,191.22 168.00,189.00
             168.62,182.12 164.81,180.11 159.00,178.00 Z
           M 291.00,178.00
           C 291.00,178.00 292.00,179.00 292.00,179.00
             292.00,179.00 292.00,178.00 292.00,178.00
             292.00,178.00 291.00,178.00 291.00,178.00 Z
           M 292.00,179.00
           C 292.00,179.00 293.00,180.00 293.00,180.00
             293.00,180.00 293.00,179.00 293.00,179.00
             293.00,179.00 292.00,179.00 292.00,179.00 Z
           M 78.00,183.00
           C 78.00,183.00 75.00,181.00 75.00,181.00
             75.00,181.00 76.00,180.00 76.00,180.00
             76.00,180.00 78.00,183.00 78.00,183.00 Z
           M 334.00,181.00
           C 334.00,181.00 335.00,182.00 335.00,182.00
             335.00,182.00 335.00,181.00 335.00,181.00
             335.00,181.00 334.00,181.00 334.00,181.00 Z
           M 294.00,182.00
           C 294.00,182.00 295.00,183.00 295.00,183.00
             295.00,183.00 295.00,182.00 295.00,182.00
             295.00,182.00 294.00,182.00 294.00,182.00 Z
           M 295.00,183.00
           C 295.00,183.00 296.00,184.00 296.00,184.00
             296.00,184.00 296.00,183.00 296.00,183.00
             296.00,183.00 295.00,183.00 295.00,183.00 Z
           M 312.00,183.00
           C 312.00,183.00 313.00,184.00 313.00,184.00
             313.00,184.00 313.00,183.00 313.00,183.00
             313.00,183.00 312.00,183.00 312.00,183.00 Z
           M 316.00,183.00
           C 316.00,183.00 317.00,184.00 317.00,184.00
             317.00,184.00 317.00,183.00 317.00,183.00
             317.00,183.00 316.00,183.00 316.00,183.00 Z
           M 329.00,182.00
           C 329.00,182.00 328.00,183.00 328.00,183.00
             328.00,183.00 328.00,182.00 328.00,182.00
             328.00,182.00 329.00,182.00 329.00,182.00 Z
           M 296.00,184.00
           C 296.00,184.00 297.00,185.00 297.00,185.00
             297.00,185.00 297.00,184.00 297.00,184.00
             297.00,184.00 296.00,184.00 296.00,184.00 Z
           M 298.00,186.00
           C 298.00,186.00 299.00,187.00 299.00,187.00
             299.00,187.00 299.00,186.00 299.00,186.00
             299.00,186.00 298.00,186.00 298.00,186.00 Z
           M 319.00,187.00
           C 319.00,187.00 320.00,188.00 320.00,188.00
             320.00,188.00 320.00,187.00 320.00,187.00
             320.00,187.00 319.00,187.00 319.00,187.00 Z
           M 341.00,187.00
           C 341.00,187.00 342.00,188.00 342.00,188.00
             342.00,188.00 342.00,187.00 342.00,187.00
             342.00,187.00 341.00,187.00 341.00,187.00 Z
           M 299.00,188.00
           C 299.00,188.00 300.00,189.00 300.00,189.00
             300.00,189.00 300.00,188.00 300.00,188.00
             300.00,188.00 299.00,188.00 299.00,188.00 Z
           M 320.00,188.00
           C 320.00,188.00 321.00,189.00 321.00,189.00
             321.00,189.00 321.00,188.00 321.00,188.00
             321.00,188.00 320.00,188.00 320.00,188.00 Z
           M 309.00,199.00
           C 309.00,199.00 301.00,189.00 301.00,189.00
             300.31,194.15 303.51,199.17 309.00,199.00 Z
           M 342.00,189.00
           C 342.00,189.00 343.00,190.00 343.00,190.00
             343.00,190.00 343.00,189.00 343.00,189.00
             343.00,189.00 342.00,189.00 342.00,189.00 Z
           M 140.00,192.00
           C 140.00,192.00 139.00,193.00 139.00,193.00
             139.00,193.00 139.00,192.00 139.00,192.00
             139.00,192.00 140.00,192.00 140.00,192.00 Z
           M 529.00,196.00
           C 529.00,196.00 527.00,192.00 527.00,192.00
             527.00,192.00 529.00,196.00 529.00,196.00 Z
           M 371.00,194.00
           C 371.45,200.27 376.46,207.67 379.67,213.09
             382.72,218.25 382.93,221.37 384.30,223.99
             384.30,223.99 390.00,232.00 390.00,232.00
             387.18,231.77 382.54,231.35 380.09,230.00
             374.89,227.12 370.70,219.44 374.00,214.00
             374.00,214.00 369.00,211.00 369.00,211.00
             369.00,211.00 369.00,194.00 369.00,194.00
             369.00,194.00 371.00,194.00 371.00,194.00 Z
           M 579.00,202.00
           C 579.00,202.00 575.00,204.00 575.00,204.00
             575.00,204.00 575.00,203.00 575.00,203.00
             575.00,203.00 577.00,201.00 577.00,201.00
             577.00,201.00 579.00,202.00 579.00,202.00 Z
           M 329.00,204.00
           C 329.00,204.00 330.00,205.00 330.00,205.00
             330.00,205.00 330.00,204.00 330.00,204.00
             330.00,204.00 329.00,204.00 329.00,204.00 Z
           M 279.00,206.00
           C 279.00,206.00 280.00,207.00 280.00,207.00
             280.00,207.00 280.00,206.00 280.00,206.00
             280.00,206.00 279.00,206.00 279.00,206.00 Z
           M 280.00,207.00
           C 280.00,207.00 281.00,208.00 281.00,208.00
             281.00,208.00 281.00,207.00 281.00,207.00
             281.00,207.00 280.00,207.00 280.00,207.00 Z
           M 316.00,208.00
           C 316.00,208.00 317.00,209.00 317.00,209.00
             317.00,209.00 317.00,208.00 317.00,208.00
             317.00,208.00 316.00,208.00 316.00,208.00 Z
           M 284.00,210.00
           C 284.00,210.00 285.00,211.00 285.00,211.00
             285.00,211.00 285.00,210.00 285.00,210.00
             285.00,210.00 284.00,210.00 284.00,210.00 Z
           M 312.00,211.00
           C 312.00,211.00 313.00,212.00 313.00,212.00
             313.00,212.00 313.00,211.00 313.00,211.00
             313.00,211.00 312.00,211.00 312.00,211.00 Z
           M 375.00,211.00
           C 375.00,211.00 376.00,212.00 376.00,212.00
             376.00,212.00 376.00,211.00 376.00,211.00
             376.00,211.00 375.00,211.00 375.00,211.00 Z
           M 137.00,212.00
           C 137.00,212.00 138.00,213.00 138.00,213.00
             138.00,213.00 138.00,212.00 138.00,212.00
             138.00,212.00 137.00,212.00 137.00,212.00 Z
           M 539.00,216.00
           C 539.00,216.00 538.00,217.00 538.00,217.00
             538.00,217.00 538.00,216.00 538.00,216.00
             538.00,216.00 539.00,216.00 539.00,216.00 Z
           M 407.00,232.00
           C 407.00,232.00 411.00,232.00 411.00,232.00
             411.00,232.00 410.00,227.00 410.00,227.00
             410.00,227.00 407.00,232.00 407.00,232.00 Z
           M 106.00,231.00
           C 106.00,231.00 105.00,232.00 105.00,232.00
             105.00,232.00 101.00,228.00 101.00,228.00
             101.00,228.00 102.00,227.00 102.00,227.00
             102.00,227.00 106.00,231.00 106.00,231.00 Z
           M 134.00,229.00
           C 134.00,229.00 135.00,232.00 135.00,232.00
             135.00,232.00 132.00,229.00 132.00,229.00
             132.00,229.00 134.00,229.00 134.00,229.00 Z
           M 139.00,231.00
           C 139.00,231.00 140.00,232.00 140.00,232.00
             140.00,232.00 140.00,231.00 140.00,231.00
             140.00,231.00 139.00,231.00 139.00,231.00 Z
           M 300.00,233.00
           C 300.00,233.00 299.00,234.00 299.00,234.00
             299.00,234.00 299.00,233.00 299.00,233.00
             299.00,233.00 300.00,233.00 300.00,233.00 Z
           M 302.00,236.00
           C 302.00,236.00 301.00,237.00 301.00,237.00
             301.00,237.00 301.00,236.00 301.00,236.00
             301.00,236.00 302.00,236.00 302.00,236.00 Z
           M 310.00,236.00
           C 310.00,236.00 311.00,240.00 311.00,240.00
             308.29,238.87 308.55,238.87 308.00,236.00
             308.00,236.00 310.00,236.00 310.00,236.00 Z
           M 426.00,244.00
           C 426.00,244.00 430.00,246.00 430.00,246.00
             430.00,246.00 429.00,241.00 429.00,241.00
             429.00,241.00 426.00,244.00 426.00,244.00 Z
           M 266.00,247.00
           C 266.00,247.00 267.00,248.00 267.00,248.00
             267.00,248.00 267.00,247.00 267.00,247.00
             267.00,247.00 266.00,247.00 266.00,247.00 Z
           M 271.00,252.00
           C 271.00,252.00 268.00,248.00 268.00,248.00
             268.00,248.00 271.00,252.00 271.00,252.00 Z
           M 272.00,252.00
           C 272.00,252.00 273.00,253.00 273.00,253.00
             273.00,253.00 273.00,252.00 273.00,252.00
             273.00,252.00 272.00,252.00 272.00,252.00 Z
           M 251.00,255.00
           C 251.00,255.00 252.00,256.00 252.00,256.00
             252.00,256.00 252.00,255.00 252.00,255.00
             252.00,255.00 251.00,255.00 251.00,255.00 Z
           M 252.00,256.00
           C 252.00,256.00 253.00,257.00 253.00,257.00
             253.00,257.00 253.00,256.00 253.00,256.00
             253.00,256.00 252.00,256.00 252.00,256.00 Z
           M 276.00,256.00
           C 276.00,256.00 277.00,257.00 277.00,257.00
             277.00,257.00 277.00,256.00 277.00,256.00
             277.00,256.00 276.00,256.00 276.00,256.00 Z
           M 261.00,264.00
           C 261.00,264.00 261.00,263.00 261.00,263.00
             261.00,263.00 259.00,261.00 259.00,261.00
             259.00,261.00 261.00,264.00 261.00,264.00 Z
           M 261.00,264.00
           C 261.00,264.00 262.00,265.00 262.00,265.00
             262.00,265.00 262.00,264.00 262.00,264.00
             262.00,264.00 261.00,264.00 261.00,264.00 Z
           M 263.00,267.00
           C 263.00,267.00 265.00,271.00 265.00,271.00
             265.00,271.00 266.00,267.00 266.00,267.00
             266.00,267.00 263.00,267.00 263.00,267.00 Z
           M 272.00,272.00
           C 272.00,272.00 273.00,273.00 273.00,273.00
             273.00,273.00 273.00,272.00 273.00,272.00
             273.00,272.00 272.00,272.00 272.00,272.00 Z
           M 283.17,281.68
           C 280.32,279.11 277.11,274.50 273.02,274.04
             268.81,273.57 268.03,276.70 269.74,279.89
             271.58,283.35 275.57,286.34 279.00,288.00
             279.63,287.20 280.76,285.39 281.68,287.46
             281.68,287.46 283.45,301.91 283.45,301.91
             283.45,301.91 288.98,313.78 288.98,313.78
             289.97,315.39 290.23,315.23 291.00,316.00
             291.00,316.00 296.00,314.00 296.00,314.00
             293.74,309.04 292.11,305.80 293.46,300.17
             293.46,300.17 294.85,295.92 294.85,295.92
             294.85,295.92 294.85,290.00 294.85,290.00
             294.85,290.00 283.17,281.68 283.17,281.68 Z
           M 110.82,283.86
           C 110.82,283.86 122.30,274.07 122.30,274.07
             122.30,274.07 126.00,274.07 126.00,274.07
             123.52,278.16 120.02,281.75 115.00,282.00
             115.00,282.00 115.00,287.00 115.00,287.00
             115.00,287.00 107.00,289.00 107.00,289.00
             107.00,289.00 97.00,284.00 97.00,284.00
             97.00,284.00 98.00,287.00 98.00,287.00
             98.00,287.00 93.00,284.00 93.00,284.00
             93.00,284.00 97.00,284.00 97.00,284.00
             97.00,284.00 96.00,279.00 96.00,279.00
             96.00,279.00 110.82,283.86 110.82,283.86 Z
           M 102.00,280.00
           C 102.00,280.00 103.00,276.00 103.00,276.00
             104.48,278.39 104.14,278.30 102.00,280.00 Z
           M 247.00,277.00
           C 247.00,277.00 248.00,278.00 248.00,278.00
             248.00,278.00 248.00,277.00 248.00,277.00
             248.00,277.00 247.00,277.00 247.00,277.00 Z
           M 277.00,279.00
           C 277.00,279.00 276.00,280.00 276.00,280.00
             276.00,280.00 276.00,279.00 276.00,279.00
             276.00,279.00 277.00,279.00 277.00,279.00 Z
           M 250.00,281.00
           C 250.00,281.00 251.00,282.00 251.00,282.00
             251.00,282.00 251.00,281.00 251.00,281.00
             251.00,281.00 250.00,281.00 250.00,281.00 Z
           M 264.00,291.00
           C 264.74,294.09 265.06,293.89 268.00,295.00
             268.12,288.35 264.20,285.67 260.00,281.00
             257.01,286.58 256.69,290.42 264.00,291.00 Z
           M 96.00,282.00
           C 96.00,282.00 95.00,283.00 95.00,283.00
             95.00,283.00 95.00,282.00 95.00,282.00
             95.00,282.00 96.00,282.00 96.00,282.00 Z
           M 253.00,284.00
           C 253.00,284.00 257.00,287.00 257.00,287.00
             257.00,287.00 253.00,284.00 253.00,284.00 Z
           M 91.00,285.00
           C 91.00,285.00 90.00,289.00 90.00,289.00
             90.00,289.00 86.00,288.00 86.00,288.00
             86.00,288.00 86.00,286.00 86.00,286.00
             86.00,286.00 91.00,285.00 91.00,285.00 Z
           M 101.00,288.00
           C 101.00,288.00 100.00,289.00 100.00,289.00
             100.00,289.00 100.00,288.00 100.00,288.00
             100.00,288.00 101.00,288.00 101.00,288.00 Z
           M 82.00,293.00
           C 80.16,296.95 78.83,298.85 75.00,301.00
             75.00,301.00 75.00,295.00 75.00,295.00
             75.00,295.00 82.00,293.00 82.00,293.00 Z
           M 147.00,302.00
           C 147.00,302.00 146.00,303.00 146.00,303.00
             146.00,303.00 146.00,302.00 146.00,302.00
             146.00,302.00 147.00,302.00 147.00,302.00 Z
           M 139.00,309.00
           C 134.83,310.19 130.10,310.63 126.00,309.00
             130.49,308.19 134.62,307.26 139.00,309.00 Z
           M 446.00,309.00
           C 447.42,316.94 447.81,324.31 445.00,332.00
             445.00,332.00 438.56,323.96 438.56,323.96
             438.56,323.96 442.00,309.00 442.00,309.00
             442.00,309.00 446.00,309.00 446.00,309.00 Z
           M 275.00,314.00
           C 275.00,314.00 276.00,315.00 276.00,315.00
             276.00,315.00 276.00,314.00 276.00,314.00
             276.00,314.00 275.00,314.00 275.00,314.00 Z
           M 276.00,316.00
           C 276.00,316.00 277.00,317.00 277.00,317.00
             277.00,317.00 277.00,316.00 277.00,316.00
             277.00,316.00 276.00,316.00 276.00,316.00 Z
           M 443.00,323.00
           C 443.00,323.00 443.00,319.00 443.00,319.00
             443.00,319.00 443.00,323.00 443.00,323.00 Z
           M 79.00,327.00
           C 79.00,327.00 79.00,329.00 79.00,329.00
             79.00,329.00 75.00,329.00 75.00,329.00
             75.00,329.00 75.00,327.00 75.00,327.00
             75.00,327.00 79.00,327.00 79.00,327.00 Z
           M 89.00,332.00
           C 89.00,332.00 89.00,335.00 89.00,335.00
             89.00,335.00 86.00,333.00 86.00,333.00
             86.00,333.00 89.00,332.00 89.00,332.00 Z
           M 185.00,335.00
           C 185.00,335.00 186.00,332.00 186.00,332.00
             186.86,334.05 186.78,333.69 185.00,335.00 Z
           M 431.45,338.05
           C 431.62,331.89 439.31,335.08 434.67,339.46
             433.56,340.51 432.79,340.59 432.00,341.00
             431.75,339.92 431.41,339.34 431.45,338.05 Z
           M 112.00,342.00
           C 108.74,341.08 108.25,341.21 107.00,338.00
             107.00,338.00 112.00,342.00 112.00,342.00 Z
           M 199.00,343.00
           C 199.00,343.00 198.00,344.00 198.00,344.00
             198.00,344.00 198.00,343.00 198.00,343.00
             198.00,343.00 199.00,343.00 199.00,343.00 Z
           M 79.00,346.00
           C 79.00,346.00 79.00,347.00 79.00,347.00
             79.00,347.00 77.00,348.00 77.00,348.00
             77.00,348.00 76.00,346.00 76.00,346.00
             76.00,346.00 77.00,345.00 77.00,345.00
             77.00,345.00 79.00,346.00 79.00,346.00 Z
           M 201.00,348.00
           C 201.00,348.00 198.00,351.00 198.00,351.00
             198.00,351.00 201.00,348.00 201.00,348.00 Z
           M 206.00,351.00
           C 206.00,351.00 207.00,352.00 207.00,352.00
             207.00,352.00 207.00,351.00 207.00,351.00
             207.00,351.00 206.00,351.00 206.00,351.00 Z
           M 295.00,362.00
           C 295.00,362.00 299.00,364.00 299.00,364.00
             299.00,364.00 297.00,359.00 297.00,359.00
             297.00,359.00 295.00,362.00 295.00,362.00 Z
           M 281.00,360.00
           C 281.00,360.00 282.00,361.00 282.00,361.00
             282.00,361.00 282.00,360.00 282.00,360.00
             282.00,360.00 281.00,360.00 281.00,360.00 Z
           M 291.00,363.00
           C 291.00,363.00 292.00,364.00 292.00,364.00
             292.00,364.00 292.00,363.00 292.00,363.00
             292.00,363.00 291.00,363.00 291.00,363.00 Z
           M 282.00,369.00
           C 282.00,369.00 287.00,370.00 287.00,370.00
             287.00,370.00 288.00,365.00 288.00,365.00
             284.41,365.97 284.15,365.94 282.00,369.00 Z
           M 287.00,368.00
           C 287.00,368.00 288.00,369.00 288.00,369.00
             288.00,369.00 288.00,368.00 288.00,368.00
             288.00,368.00 287.00,368.00 287.00,368.00 Z
           M 443.00,371.00
           C 443.00,371.00 444.00,372.00 444.00,372.00
             444.00,372.00 444.00,371.00 444.00,371.00
             444.00,371.00 443.00,371.00 443.00,371.00 Z
           M 218.00,373.00
           C 218.00,373.00 217.00,374.00 217.00,374.00
             217.00,374.00 217.00,373.00 217.00,373.00
             217.00,373.00 218.00,373.00 218.00,373.00 Z
           M 489.00,375.00
           C 489.00,375.00 490.00,376.00 490.00,376.00
             490.00,376.00 490.00,375.00 490.00,375.00
             490.00,375.00 489.00,375.00 489.00,375.00 Z
           M 437.00,388.00
           C 437.00,388.00 438.00,389.00 438.00,389.00
             438.00,389.00 438.00,388.00 438.00,388.00
             438.00,388.00 437.00,388.00 437.00,388.00 Z
           M 314.00,389.00
           C 314.00,389.00 315.00,390.00 315.00,390.00
             315.00,390.00 315.00,389.00 315.00,389.00
             315.00,389.00 314.00,389.00 314.00,389.00 Z
           M 316.00,389.00
           C 311.30,393.62 308.43,393.01 306.00,400.00
             311.88,397.09 314.94,395.32 319.00,390.00
             319.00,390.00 316.00,389.00 316.00,389.00 Z
           M 108.00,392.00
           C 108.00,392.00 106.00,395.00 106.00,395.00
             106.00,395.00 105.00,394.00 105.00,394.00
             105.00,394.00 108.00,392.00 108.00,392.00 Z
           M 313.00,393.00
           C 313.00,393.00 312.00,394.00 312.00,394.00
             312.00,394.00 312.00,393.00 312.00,393.00
             312.00,393.00 313.00,393.00 313.00,393.00 Z
           M 435.00,402.00
           C 435.00,402.00 436.00,403.00 436.00,403.00
             436.00,403.00 436.00,402.00 436.00,402.00
             436.00,402.00 435.00,402.00 435.00,402.00 Z
           M 437.00,405.00
           C 437.00,405.00 438.00,406.00 438.00,406.00
             438.00,406.00 438.00,405.00 438.00,405.00
             438.00,405.00 437.00,405.00 437.00,405.00 Z
           M 412.00,409.00
           C 412.00,409.00 411.00,410.00 411.00,410.00
             411.00,410.00 411.00,409.00 411.00,409.00
             411.00,409.00 412.00,409.00 412.00,409.00 Z
           M 391.00,413.00
           C 391.00,413.00 392.00,414.00 392.00,414.00
             392.00,414.00 392.00,413.00 392.00,413.00
             392.00,413.00 391.00,413.00 391.00,413.00 Z
           M 408.00,414.00
           C 408.00,414.00 409.00,415.00 409.00,415.00
             409.00,415.00 409.00,414.00 409.00,414.00
             409.00,414.00 408.00,414.00 408.00,414.00 Z
           M 322.00,416.00
           C 322.00,416.00 323.00,417.00 323.00,417.00
             323.00,417.00 323.00,416.00 323.00,416.00
             323.00,416.00 322.00,416.00 322.00,416.00 Z
           M 333.00,415.00
           C 333.00,415.00 332.00,416.00 332.00,416.00
             332.00,416.00 332.00,415.00 332.00,415.00
             332.00,415.00 333.00,415.00 333.00,415.00 Z
           M 420.00,418.00
           C 420.00,418.00 416.00,416.00 416.00,416.00
             416.00,416.00 420.00,418.00 420.00,418.00 Z
           M 409.00,418.00
           C 409.00,418.00 410.00,419.00 410.00,419.00
             410.00,419.00 410.00,418.00 410.00,418.00
             410.00,418.00 409.00,418.00 409.00,418.00 Z
           M 397.00,419.00
           C 397.00,419.00 398.00,420.00 398.00,420.00
             398.00,420.00 398.00,419.00 398.00,419.00
             398.00,419.00 397.00,419.00 397.00,419.00 Z
           M 408.00,421.00
           C 408.00,421.00 409.00,422.00 409.00,422.00
             409.00,422.00 409.00,421.00 409.00,421.00
             409.00,421.00 408.00,421.00 408.00,421.00 Z
           M 320.00,424.00
           C 320.00,424.00 321.00,425.00 321.00,425.00
             321.00,425.00 321.00,424.00 321.00,424.00
             321.00,424.00 320.00,424.00 320.00,424.00 Z
           M 398.00,427.00
           C 398.00,427.00 399.00,428.00 399.00,428.00
             399.00,428.00 399.00,427.00 399.00,427.00
             399.00,427.00 398.00,427.00 398.00,427.00 Z
           M 421.00,427.00
           C 421.00,427.00 422.00,428.00 422.00,428.00
             422.00,428.00 422.00,427.00 422.00,427.00
             422.00,427.00 421.00,427.00 421.00,427.00 Z
           M 419.00,431.00
           C 419.00,431.00 420.00,432.00 420.00,432.00
             420.00,432.00 420.00,431.00 420.00,431.00
             420.00,431.00 419.00,431.00 419.00,431.00 Z
           M 240.00,433.00
           C 240.00,433.00 241.00,434.00 241.00,434.00
             241.00,434.00 241.00,433.00 241.00,433.00
             241.00,433.00 240.00,433.00 240.00,433.00 Z
           M 348.00,434.00
           C 348.00,434.00 349.00,435.00 349.00,435.00
             349.00,435.00 349.00,434.00 349.00,434.00
             349.00,434.00 348.00,434.00 348.00,434.00 Z
           M 260.00,435.00
           C 260.00,435.00 261.00,436.00 261.00,436.00
             261.00,436.00 261.00,435.00 261.00,435.00
             261.00,435.00 260.00,435.00 260.00,435.00 Z
           M 378.00,435.00
           C 378.00,435.00 379.00,436.00 379.00,436.00
             379.00,436.00 379.00,435.00 379.00,435.00
             379.00,435.00 378.00,435.00 378.00,435.00 Z
           M 401.00,435.00
           C 401.00,435.00 402.00,436.00 402.00,436.00
             402.00,436.00 402.00,435.00 402.00,435.00
             402.00,435.00 401.00,435.00 401.00,435.00 Z
           M 262.00,438.00
           C 262.00,438.00 263.00,439.00 263.00,439.00
             263.00,439.00 263.00,438.00 263.00,438.00
             263.00,438.00 262.00,438.00 262.00,438.00 Z
           M 401.00,438.00
           C 401.00,438.00 402.00,439.00 402.00,439.00
             402.00,439.00 402.00,438.00 402.00,438.00
             402.00,438.00 401.00,438.00 401.00,438.00 Z
           M 404.00,445.00
           C 404.00,445.00 403.00,439.00 403.00,439.00
             401.22,441.88 401.31,442.88 404.00,445.00 Z
           M 249.00,439.00
           C 249.00,439.00 248.00,440.00 248.00,440.00
             248.00,440.00 248.00,439.00 248.00,439.00
             248.00,439.00 249.00,439.00 249.00,439.00 Z
           M 259.00,440.00
           C 259.00,440.00 260.00,441.00 260.00,441.00
             260.00,441.00 260.00,440.00 260.00,440.00
             260.00,440.00 259.00,440.00 259.00,440.00 Z
           M 409.00,445.00
           C 409.00,445.00 409.00,440.00 409.00,440.00
             407.34,442.53 407.34,442.47 409.00,445.00 Z
           M 231.00,444.00
           C 231.00,444.00 232.00,446.00 232.00,446.00
             232.00,446.00 230.00,447.00 230.00,447.00
             230.00,447.00 229.00,445.00 229.00,445.00
             229.00,445.00 230.00,444.00 230.00,444.00
             230.00,444.00 231.00,444.00 231.00,444.00 Z
           M 248.00,445.00
           C 248.00,445.00 249.00,446.00 249.00,446.00
             249.00,446.00 249.00,445.00 249.00,445.00
             249.00,445.00 248.00,445.00 248.00,445.00 Z
           M 404.00,451.00
           C 404.00,451.00 403.00,446.00 403.00,446.00
             403.00,446.00 404.00,451.00 404.00,451.00 Z
           M 264.00,449.00
           C 264.00,449.00 257.00,451.00 257.00,451.00
             257.90,445.89 260.65,444.56 264.00,449.00 Z
           M 266.00,446.00
           C 266.00,446.00 265.00,447.00 265.00,447.00
             265.00,447.00 265.00,446.00 265.00,446.00
             265.00,446.00 266.00,446.00 266.00,446.00 Z
           M 463.00,453.00
           C 463.00,453.00 464.00,454.00 464.00,454.00
             464.00,454.00 464.00,453.00 464.00,453.00
             464.00,453.00 463.00,453.00 463.00,453.00 Z
           M 331.00,454.00
           C 331.00,454.00 332.00,455.00 332.00,455.00
             332.00,455.00 332.00,454.00 332.00,454.00
             332.00,454.00 331.00,454.00 331.00,454.00 Z
           M 409.00,454.00
           C 409.00,454.00 410.00,455.00 410.00,455.00
             410.00,455.00 410.00,454.00 410.00,454.00
             410.00,454.00 409.00,454.00 409.00,454.00 Z
           M 236.00,455.00
           C 236.00,455.00 233.00,457.00 233.00,457.00
             233.00,457.00 234.00,454.00 234.00,454.00
             234.00,454.00 236.00,455.00 236.00,455.00 Z
           M 330.00,455.00
           C 330.00,455.00 331.00,456.00 331.00,456.00
             331.00,456.00 331.00,455.00 331.00,455.00
             331.00,455.00 330.00,455.00 330.00,455.00 Z
           M 91.00,467.00
           C 91.00,467.00 88.00,464.00 88.00,464.00
             88.00,464.00 91.00,467.00 91.00,467.00 Z
           M 164.00,468.00
           C 164.00,468.00 161.00,470.00 161.00,470.00
             161.00,470.00 162.00,467.00 162.00,467.00
             162.00,467.00 164.00,468.00 164.00,468.00 Z
           M 94.00,469.00
           C 94.00,469.00 91.00,474.00 91.00,474.00
             91.00,474.00 92.00,469.00 92.00,469.00
             92.00,469.00 94.00,469.00 94.00,469.00 Z
           M 286.00,471.00
           C 286.00,471.00 285.00,472.00 285.00,472.00
             285.00,472.00 285.00,471.00 285.00,471.00
             285.00,471.00 286.00,471.00 286.00,471.00 Z
           M 440.00,478.00
           C 443.20,476.06 443.27,475.70 443.00,472.00
             443.00,472.00 440.00,478.00 440.00,478.00 Z
           M 95.00,474.00
           C 95.00,474.00 94.00,475.00 94.00,475.00
             94.00,475.00 94.00,474.00 94.00,474.00
             94.00,474.00 95.00,474.00 95.00,474.00 Z
           M 101.10,484.43
           C 104.15,486.00 107.00,485.73 110.00,486.63
             116.59,488.62 118.44,492.09 121.00,498.00
             121.00,498.00 132.00,495.00 132.00,495.00
             132.00,495.00 140.72,499.18 140.72,499.18
             140.72,499.18 150.00,506.00 150.00,506.00
             150.00,506.00 153.00,505.00 153.00,505.00
             154.98,502.90 155.25,503.38 158.00,504.00
             158.00,504.00 155.00,509.00 155.00,509.00
             155.00,509.00 144.00,509.00 144.00,509.00
             144.00,509.00 139.54,502.80 139.54,502.80
             139.54,502.80 124.00,498.00 124.00,498.00
             124.00,498.00 128.00,501.00 128.00,501.00
             128.00,501.00 128.00,503.00 128.00,503.00
             128.00,503.00 125.00,504.00 125.00,504.00
             125.00,504.00 126.00,501.00 126.00,501.00
             126.00,501.00 122.00,500.00 122.00,500.00
             122.00,500.00 121.00,503.00 121.00,503.00
             121.00,503.00 118.00,502.00 118.00,502.00
             121.61,490.81 107.16,490.59 104.00,487.00
             104.00,487.00 96.00,487.00 96.00,487.00
             96.00,487.00 96.00,484.00 96.00,484.00
             96.00,484.00 93.00,485.00 93.00,485.00
             93.00,485.00 89.00,480.00 89.00,480.00
             89.00,480.00 91.00,475.00 91.00,475.00
             95.74,478.62 97.72,482.70 101.10,484.43 Z
           M 182.00,479.00
           C 182.00,479.00 181.00,480.00 181.00,480.00
             181.00,480.00 181.00,479.00 181.00,479.00
             181.00,479.00 182.00,479.00 182.00,479.00 Z
           M 93.00,481.00
           C 93.00,481.00 94.00,482.00 94.00,482.00
             94.00,482.00 94.00,481.00 94.00,481.00
             94.00,481.00 93.00,481.00 93.00,481.00 Z
           M 188.00,486.00
           C 188.00,486.00 192.00,480.00 192.00,480.00
             194.72,484.20 191.84,485.15 188.00,486.00 Z
           M 437.00,482.00
           C 437.00,482.00 438.00,483.00 438.00,483.00
             438.00,483.00 438.00,482.00 438.00,482.00
             438.00,482.00 437.00,482.00 437.00,482.00 Z
           M 436.00,484.00
           C 436.00,484.00 437.00,485.00 437.00,485.00
             437.00,485.00 437.00,484.00 437.00,484.00
             437.00,484.00 436.00,484.00 436.00,484.00 Z
           M 175.00,486.00
           C 175.00,486.00 171.00,487.00 171.00,487.00
             172.59,484.74 172.58,484.61 175.00,486.00 Z
           M 184.00,490.00
           C 180.46,489.38 180.20,489.42 179.00,486.00
             179.00,486.00 184.00,490.00 184.00,490.00 Z
           M 219.00,489.00
           C 219.00,489.00 214.00,490.00 214.00,490.00
             214.00,490.00 219.00,489.00 219.00,489.00 Z
           M 223.00,489.00
           C 223.00,489.00 220.00,491.00 220.00,491.00
             220.00,491.00 221.00,488.00 221.00,488.00
             221.00,488.00 223.00,489.00 223.00,489.00 Z
           M 134.00,489.00
           C 134.00,489.00 129.00,494.00 129.00,494.00
             130.19,490.40 130.46,490.31 134.00,489.00 Z
           M 203.00,494.00
           C 203.00,494.00 203.00,497.00 203.00,497.00
             203.00,497.00 200.00,497.00 200.00,497.00
             200.00,497.00 200.00,494.00 200.00,494.00
             200.00,494.00 203.00,494.00 203.00,494.00 Z
           M 246.00,507.00
           C 246.00,507.00 248.00,500.00 248.00,500.00
             249.62,503.43 248.49,504.44 246.00,507.00 Z
           M 153.00,505.00
           C 153.00,505.00 154.00,506.00 154.00,506.00
             154.00,506.00 154.00,505.00 154.00,505.00
             154.00,505.00 153.00,505.00 153.00,505.00 Z
           M 227.00,504.00
           C 227.00,504.00 226.00,505.00 226.00,505.00
             226.00,505.00 226.00,504.00 226.00,504.00
             226.00,504.00 227.00,504.00 227.00,504.00 Z
           M 434.00,508.00
           C 434.00,508.00 435.00,504.00 435.00,504.00
             435.00,504.00 434.00,508.00 434.00,508.00 Z
           M 473.00,505.00
           C 473.00,505.00 472.00,506.00 472.00,506.00
             472.00,506.00 472.00,505.00 472.00,505.00
             472.00,505.00 473.00,505.00 473.00,505.00 Z
           M 158.00,507.00
           C 158.00,507.00 157.00,508.00 157.00,508.00
             157.00,508.00 157.00,507.00 157.00,507.00
             157.00,507.00 158.00,507.00 158.00,507.00 Z
           M 241.00,521.00
           C 241.00,521.00 244.00,509.00 244.00,509.00
             245.42,513.43 245.09,518.24 241.00,521.00 Z
           M 428.63,537.00
           C 428.63,537.00 432.45,526.00 432.45,526.00
             433.50,518.82 425.69,513.33 436.00,509.00
             435.53,512.55 434.45,517.39 435.50,520.83
             437.58,527.70 450.68,535.23 456.00,540.00
             456.00,540.00 461.00,540.00 461.00,540.00
             459.10,545.34 455.85,543.09 452.00,540.71
             452.00,540.71 435.00,528.00 435.00,528.00
             435.00,528.00 434.00,529.00 434.00,529.00
             440.09,536.32 439.79,539.26 431.00,544.00
             431.00,544.00 437.00,536.00 437.00,536.00
             437.00,536.00 433.00,532.00 433.00,532.00
             433.00,532.00 427.00,550.00 427.00,550.00
             427.12,547.32 427.97,539.39 428.63,537.00 Z
           M 324.00,517.00
           C 324.00,517.00 323.00,512.00 323.00,512.00
             323.00,512.00 324.00,517.00 324.00,517.00 Z
           M 275.00,520.98
           C 283.76,525.24 288.50,529.52 299.00,532.10
             306.10,533.84 316.57,534.42 318.00,543.00
             318.00,543.00 306.00,536.87 306.00,536.87
             306.00,536.87 300.04,536.22 300.04,536.22
             300.04,536.22 293.00,535.00 293.00,535.00
             289.48,531.50 287.91,532.27 283.83,529.97
             274.92,524.93 276.95,524.71 266.00,520.47
             260.04,518.16 254.49,518.04 251.00,512.00
             251.00,512.00 275.00,520.98 275.00,520.98 Z
           M 236.00,515.00
           C 236.00,515.00 233.00,516.00 233.00,516.00
             233.00,516.00 233.00,513.00 233.00,513.00
             233.00,513.00 236.00,515.00 236.00,515.00 Z
           M 425.00,516.00
           C 425.00,516.00 425.00,521.00 425.00,521.00
             425.00,521.00 422.00,519.00 422.00,519.00
             422.00,519.00 422.00,517.00 422.00,517.00
             422.00,517.00 423.00,516.00 423.00,516.00
             423.00,516.00 425.00,516.00 425.00,516.00 Z
           M 326.00,523.00
           C 326.00,523.00 325.00,518.00 325.00,518.00
             325.00,518.00 326.00,523.00 326.00,523.00 Z
           M 429.00,521.00
           C 429.00,521.00 431.00,527.00 431.00,527.00
             431.00,527.00 426.00,521.00 426.00,521.00
             426.00,521.00 429.00,521.00 429.00,521.00 Z
           M 329.00,532.00
           C 329.00,532.00 332.00,530.00 332.00,530.00
             332.00,530.00 329.00,528.00 329.00,528.00
             329.00,528.00 329.00,532.00 329.00,532.00 Z
           M 332.00,532.00
           C 332.00,532.00 333.00,533.00 333.00,533.00
             333.00,533.00 333.00,532.00 333.00,532.00
             333.00,532.00 332.00,532.00 332.00,532.00 Z
           M 324.00,543.00
           C 324.00,543.00 325.00,544.00 325.00,544.00
             325.00,544.00 325.00,543.00 325.00,543.00
             325.00,543.00 324.00,543.00 324.00,543.00 Z
           M 326.00,546.00
           C 326.00,546.00 327.00,547.00 327.00,547.00
             327.00,547.00 327.00,546.00 327.00,546.00
             327.00,546.00 326.00,546.00 326.00,546.00 Z
           M 335.18,549.72
           C 337.51,552.24 338.92,562.45 339.00,566.00
             335.72,563.69 336.18,561.79 336.00,558.00
             331.01,557.60 330.59,556.95 330.00,552.00
             330.00,552.00 331.00,552.00 331.00,552.00
             331.00,552.00 333.00,554.00 333.00,554.00
             333.00,554.00 334.00,551.00 334.00,551.00
             334.00,551.00 332.00,548.00 332.00,548.00
             333.32,548.52 334.10,548.55 335.18,549.72 Z
           M 432.00,557.00
           C 436.45,559.35 437.08,561.19 438.00,566.00
             435.33,564.16 426.61,551.42 424.15,560.12
             424.15,560.12 424.15,563.00 424.15,563.00
             424.15,563.00 421.00,563.00 421.00,563.00
             421.00,563.00 421.00,567.00 421.00,567.00
             421.00,567.00 418.00,566.00 418.00,566.00
             418.00,566.00 418.00,564.00 418.00,564.00
             421.10,560.75 421.12,560.33 420.00,556.00
             420.00,556.00 426.00,551.00 426.00,551.00
             429.76,552.50 431.14,552.89 432.00,557.00 Z
           M 329.00,552.00
           C 329.00,552.00 328.00,553.00 328.00,553.00
             328.00,553.00 328.00,552.00 328.00,552.00
             328.00,552.00 329.00,552.00 329.00,552.00 Z
           M 389.00,554.00
           C 389.00,554.00 388.00,555.00 388.00,555.00
             388.00,555.00 388.00,554.00 388.00,554.00
             388.00,554.00 389.00,554.00 389.00,554.00 Z
           M 392.00,557.00
           C 392.00,557.00 391.00,558.00 391.00,558.00
             391.00,558.00 391.00,557.00 391.00,557.00
             391.00,557.00 392.00,557.00 392.00,557.00 Z
           M 376.00,579.00
           C 376.00,579.00 381.00,580.00 381.00,580.00
             381.00,580.00 378.00,576.00 378.00,576.00
             378.00,576.00 376.00,579.00 376.00,579.00 Z
           M 410.00,577.00
           C 410.00,577.00 410.00,588.00 410.00,588.00
             410.00,588.00 408.00,588.00 408.00,588.00
             408.00,588.00 408.00,577.00 408.00,577.00
             408.00,577.00 410.00,577.00 410.00,577.00 Z
           M 486.00,588.00
           C 486.00,588.00 483.00,588.00 483.00,588.00
             483.00,588.00 484.00,584.00 484.00,584.00
             484.00,584.00 486.00,588.00 486.00,588.00 Z
           M 373.00,586.00
           C 373.00,586.00 374.00,587.00 374.00,587.00
             374.00,587.00 374.00,586.00 374.00,586.00
             374.00,586.00 373.00,586.00 373.00,586.00 Z
           M 411.00,600.00
           C 407.98,597.67 407.14,593.55 406.00,590.00
             410.53,592.65 410.83,595.03 411.00,600.00 Z
           M 409.00,610.00
           C 412.97,613.09 412.99,619.99 408.00,622.00
             408.00,622.00 408.00,603.00 408.00,603.00
             409.95,606.09 409.81,606.47 409.00,610.00 Z
           M 381.00,620.00
           C 381.00,620.00 380.00,621.00 380.00,621.00
             380.00,621.00 380.00,620.00 380.00,620.00
             380.00,620.00 381.00,620.00 381.00,620.00 ZÊÈ